314 474
0 1
0 2
0 4
0 157
1 4
1 5
1 155
1 158
2 4
2 148
2 159
3 36
3 74
3 126
3 155
3 160
4 37
4 115
4 133
4 155
4 161
5 139
5 148
5 162
6 8
6 49
6 112
6 142
6 163
7 125
7 140
7 141
7 164
8 97
8 113
8 141
8 142
8 143
8 165
9 17
9 22
9 28
9 49
9 166
10 11
10 145
10 154
10 167
11 14
11 47
11 59
11 139
11 168
12 13
12 116
12 155
12 169
13 38
13 153
13 156
13 170
14 52
14 145
14 171
15 16
15 17
15 18
15 19
15 87
15 100
15 121
15 136
15 172
16 19
16 42
16 173
17 81
17 174
18 70
18 143
18 175
19 87
19 176
20 21
20 22
20 23
20 24
20 58
20 130
20 177
21 40
21 69
21 178
22 130
22 179
23 36
23 66
23 180
24 64
24 126
24 181
25 26
25 27
25 32
25 182
26 28
26 29
26 30
26 31
26 32
26 42
26 183
27 30
27 32
27 94
27 184
28 81
28 116
28 185
29 32
29 152
29 186
30 117
30 187
31 118
31 126
31 188
32 40
32 189
33 34
33 35
33 36
33 37
33 38
33 46
33 73
33 131
33 190
34 35
34 71
34 191
35 73
35 192
36 126
36 193
37 75
37 194
38 91
38 95
38 111
38 195
39 41
39 42
39 92
39 150
39 196
40 42
40 43
40 44
40 45
40 49
40 79
40 197
41 44
41 128
41 198
42 43
42 134
42 199
43 60
43 200
44 56
44 201
45 64
45 126
45 141
45 202
46 47
46 52
46 203
47 48
47 49
47 50
47 51
47 52
47 82
47 204
48 107
48 151
48 205
49 206
50 61
50 151
50 207
51 52
51 75
51 208
52 209
53 54
53 56
53 58
53 147
53 210
54 57
54 117
54 211
55 56
55 58
55 148
55 212
56 57
56 213
57 58
57 155
57 214
58 126
58 215
59 125
59 135
59 151
59 154
59 216
60 64
60 82
60 103
60 217
61 63
61 64
61 103
61 136
61 156
61 218
62 63
62 68
62 130
62 219
63 69
63 220
64 221
65 67
65 129
65 156
65 222
66 67
66 69
66 121
66 223
67 68
67 69
67 100
67 224
68 69
68 146
68 225
69 120
69 226
70 71
70 72
70 73
70 75
70 227
71 74
71 228
72 78
72 122
72 134
72 229
73 230
74 126
74 231
75 116
75 232
76 77
76 78
76 79
76 80
76 108
76 233
77 79
77 80
77 234
78 134
78 235
79 145
79 236
80 83
80 126
80 237
81 86
81 130
81 238
82 114
82 155
82 239
83 84
83 87
83 88
83 240
84 85
84 86
84 88
84 241
85 88
85 149
85 242
86 88
86 243
87 244
88 245
89 90
89 92
89 150
89 246
90 91
90 92
90 247
91 110
91 111
91 118
91 137
91 248
92 130
92 249
93 95
93 96
93 129
93 250
94 96
94 152
94 251
95 129
95 252
96 132
96 144
96 253
97 113
97 147
97 254
98 99
98 100
98 101
98 102
98 255
99 101
99 138
99 256
100 257
101 126
101 258
102 127
102 137
102 259
103 104
103 260
104 105
104 124
104 127
104 143
104 261
105 129
105 146
105 262
106 107
106 128
106 129
106 263
107 108
107 109
107 110
107 264
108 150
108 265
109 110
109 144
109 266
110 267
111 121
111 268
112 113
112 145
112 269
113 122
113 270
114 134
114 143
114 271
115 116
115 117
115 145
115 272
116 117
116 273
117 274
118 119
118 120
118 121
118 275
119 120
119 121
119 276
120 277
121 139
121 278
122 124
122 125
122 133
122 146
122 279
123 125
123 132
123 134
123 147
123 151
123 280
124 133
124 135
124 146
124 281
125 135
125 139
125 151
125 282
126 283
127 137
127 284
128 129
128 130
128 285
129 156
129 286
130 287
131 132
131 149
131 153
131 288
132 289
133 134
133 146
133 290
134 147
134 291
135 154
135 292
136 137
136 293
137 138
137 294
138 155
138 295
139 144
139 296
140 141
140 152
140 297
141 298
142 143
142 299
143 300
144 301
145 302
146 154
146 303
147 153
147 304
148 305
149 152
149 306
150 307
151 308
152 309
153 310
154 311
155 312
156 313
