314 1017
0 1
0 2
0 3
0 4
0 49
0 60
0 70
0 116
0 138
0 140
0 148
0 157
1 3
1 4
1 5
1 24
1 34
1 101
1 115
1 121
1 148
1 155
1 158
2 4
2 35
2 38
2 54
2 56
2 73
2 89
2 93
2 148
2 159
3 36
3 38
3 39
3 58
3 62
3 74
3 79
3 88
3 102
3 126
3 155
3 160
4 37
4 40
4 75
4 114
4 115
4 127
4 133
4 148
4 155
4 161
5 36
5 49
5 54
5 71
5 77
5 96
5 123
5 135
5 139
5 148
5 155
5 162
6 8
6 49
6 66
6 84
6 97
6 112
6 113
6 141
6 142
6 163
7 15
7 71
7 97
7 106
7 113
7 125
7 140
7 141
7 164
8 45
8 49
8 97
8 105
8 112
8 113
8 129
8 140
8 141
8 142
8 143
8 165
9 11
9 12
9 17
9 22
9 28
9 49
9 64
9 68
9 86
9 95
9 109
9 114
9 119
9 166
10 11
10 14
10 18
10 23
10 26
10 33
10 78
10 145
10 154
10 156
10 167
11 14
11 31
11 47
11 51
11 59
11 81
11 139
11 168
12 13
12 14
12 30
12 57
12 79
12 94
12 115
12 116
12 117
12 120
12 124
12 135
12 155
12 169
13 16
13 19
13 35
13 38
13 59
13 61
13 151
13 153
13 156
13 170
14 26
14 27
14 52
14 71
14 113
14 145
14 171
15 16
15 17
15 18
15 19
15 42
15 51
15 58
15 83
15 87
15 100
15 103
15 121
15 136
15 137
15 140
15 172
16 19
16 40
16 42
16 58
16 92
16 139
16 173
17 39
17 50
17 77
17 80
17 81
17 85
17 110
17 174
18 21
18 29
18 35
18 38
18 70
18 75
18 143
18 175
19 44
19 46
19 78
19 87
19 104
19 132
19 176
20 21
20 22
20 23
20 24
20 58
20 60
20 65
20 79
20 80
20 95
20 108
20 130
20 136
20 147
20 177
21 29
21 38
21 40
21 50
21 69
21 85
21 101
21 118
21 143
21 178
22 23
22 24
22 26
22 38
22 73
22 74
22 130
22 147
22 179
23 31
23 36
23 39
23 43
23 55
23 66
23 180
24 41
24 64
24 77
24 126
24 143
24 181
25 26
25 27
25 28
25 32
25 46
25 48
25 104
25 116
25 146
25 155
25 182
26 27
26 28
26 29
26 30
26 31
26 32
26 42
26 115
26 132
26 142
26 183
27 30
27 32
27 84
27 94
27 136
27 151
27 184
28 31
28 33
28 81
28 106
28 116
28 119
28 185
29 32
29 79
29 85
29 88
29 92
29 126
29 149
29 152
29 186
30 117
30 124
30 127
30 134
30 136
30 153
30 187
31 96
31 118
31 126
31 149
31 188
32 39
32 40
32 60
32 76
32 83
32 145
32 189
33 34
33 35
33 36
33 37
33 38
33 40
33 46
33 70
33 73
33 89
33 103
33 122
33 131
33 190
34 35
34 36
34 37
34 44
34 71
34 92
34 146
34 191
35 44
35 51
35 72
35 73
35 87
35 91
35 95
35 133
35 139
35 192
36 53
36 100
36 111
36 126
36 128
36 132
36 155
36 193
37 53
37 75
37 84
37 90
37 107
37 137
37 194
38 42
38 50
38 52
38 56
38 63
38 67
38 69
38 91
38 95
38 98
38 100
38 111
38 114
38 139
38 146
38 148
38 195
39 40
39 41
39 42
39 92
39 134
39 150
39 155
39 196
40 41
40 42
40 43
40 44
40 45
40 49
40 79
40 90
40 98
40 108
40 129
40 137
40 147
40 197
41 44
41 73
41 76
41 117
41 128
41 130
41 133
41 148
41 198
42 43
42 67
42 81
42 134
42 144
42 199
43 51
43 60
43 63
43 86
43 98
43 99
43 153
43 200
44 56
44 58
44 72
44 83
44 88
44 115
44 201
45 64
45 80
45 83
45 97
45 126
45 141
45 202
46 47
46 51
46 52
46 67
46 69
46 88
46 104
46 109
46 119
46 203
47 48
47 49
47 50
47 51
47 52
47 82
47 83
47 144
47 204
48 49
48 52
48 75
48 92
48 98
48 107
48 145
48 151
48 205
49 50
49 59
49 112
49 119
49 146
49 206
50 61
50 123
50 124
50 133
50 151
50 207
51 52
51 71
51 75
51 84
51 99
51 131
51 208
52 87
52 92
52 96
52 114
52 146
52 209
53 54
53 56
53 58
53 73
53 80
53 108
53 118
53 130
53 147
53 155
53 210
54 55
54 56
54 57
54 76
54 109
54 117
54 147
54 211
55 56
55 58
55 69
55 81
55 84
55 92
55 102
55 126
55 145
55 148
55 212
56 57
56 132
56 213
57 58
57 65
57 70
57 82
57 114
57 155
57 214
58 71
58 96
58 125
58 126
58 215
59 123
59 124
59 125
59 134
59 135
59 140
59 151
59 154
59 216
60 64
60 82
60 102
60 103
60 123
60 127
60 217
61 62
61 63
61 64
61 67
61 101
61 103
61 118
61 121
61 129
61 136
61 156
61 218
62 63
62 68
62 80
62 84
62 88
62 119
62 130
62 142
62 143
62 147
62 219
63 66
63 69
63 96
63 120
63 138
63 142
63 143
63 156
63 220
64 116
64 120
64 126
64 149
64 152
64 156
64 221
65 67
65 68
65 69
65 99
65 129
65 144
65 156
65 222
66 67
66 68
66 69
66 121
66 156
66 223
67 68
67 69
67 76
67 100
67 110
67 224
68 69
68 98
68 119
68 146
68 225
69 120
69 226
70 71
70 72
70 73
70 75
70 131
70 136
70 227
71 74
71 75
71 77
71 107
71 228
72 74
72 75
72 78
72 122
72 124
72 134
72 229
73 74
73 75
73 230
74 90
74 126
74 146
74 231
75 78
75 116
75 232
76 77
76 78
76 79
76 80
76 99
76 105
76 108
76 233
77 79
77 80
77 82
77 149
77 234
78 87
78 107
78 122
78 125
78 134
78 146
78 235
79 92
79 114
79 145
79 236
80 83
80 109
80 126
80 237
81 82
81 86
81 92
81 109
81 130
81 238
82 94
82 106
82 111
82 114
82 116
82 118
82 144
82 155
82 239
83 84
83 87
83 88
83 134
83 144
83 156
83 240
84 85
84 86
84 88
84 115
84 127
84 132
84 241
85 88
85 97
85 98
85 107
85 149
85 242
86 88
86 94
86 109
86 152
86 243
87 88
87 93
87 244
88 108
88 112
88 149
88 245
89 90
89 91
89 92
89 98
89 127
89 149
89 150
89 246
90 91
90 92
90 103
90 113
90 126
90 128
90 247
91 92
91 110
91 111
91 118
91 137
91 248
92 93
92 96
92 130
92 132
92 249
93 94
93 95
93 96
93 105
93 114
93 129
93 135
93 137
93 250
94 96
94 112
94 132
94 141
94 152
94 251
95 96
95 126
95 129
95 144
95 252
96 100
96 132
96 139
96 143
96 144
96 147
96 155
96 253
97 105
97 111
97 113
97 136
97 137
97 147
97 150
97 254
98 99
98 100
98 101
98 102
98 103
98 117
98 129
98 255
99 101
99 109
99 112
99 127
99 138
99 256
100 112
100 121
100 257
101 118
101 126
101 150
101 258
102 104
102 127
102 128
102 137
102 150
102 259
103 104
103 147
103 150
103 152
103 260
104 105
104 124
104 127
104 132
104 143
104 261
105 125
105 129
105 143
105 146
105 262
106 107
106 109
106 110
106 111
106 128
106 129
106 263
107 108
107 109
107 110
107 139
107 264
108 134
108 143
108 150
108 265
109 110
109 111
109 119
109 144
109 266
110 111
110 120
110 143
110 267
111 120
111 121
111 153
111 154
111 268
112 113
112 134
112 138
112 145
112 269
113 114
113 122
113 128
113 135
113 270
114 134
114 143
114 149
114 271
115 116
115 117
115 121
115 145
115 155
115 272
116 117
116 133
116 273
117 127
117 130
117 152
117 274
118 119
118 120
118 121
118 134
118 275
119 120
119 121
119 152
119 276
120 137
120 277
121 128
121 139
121 141
121 278
122 123
122 124
122 125
122 133
122 146
122 279
123 124
123 125
123 132
123 134
123 139
123 147
123 151
123 154
123 280
124 133
124 134
124 135
124 146
124 281
125 134
125 135
125 136
125 139
125 142
125 147
125 151
125 154
125 282
126 283
127 137
127 284
128 129
128 130
128 137
128 285
129 156
129 286
130 143
130 150
130 156
130 287
131 132
131 134
131 146
131 149
131 151
131 153
131 288
132 133
132 134
132 150
132 289
133 134
133 135
133 146
133 290
134 135
134 146
134 147
134 150
134 153
134 291
135 139
135 142
135 151
135 154
135 292
136 137
136 152
136 293
137 138
137 147
137 294
138 149
138 151
138 153
138 155
138 295
139 144
139 296
140 141
140 148
140 152
140 297
141 143
141 298
142 143
142 147
142 299
143 148
143 156
143 300
144 301
145 302
146 151
146 154
146 303
147 148
147 149
147 153
147 304
148 150
148 305
149 152
149 306
150 307
151 154
151 308
152 309
153 310
154 311
155 312
156 313
